	#f_b 	 max kappa_11 	 max kappa_22 	 max kappa_12 	 mean kappa_11 	 mean kappa_22 	 mean kappa_12	 min kappa_11 	 min kappa_22 	 min kappa_12
   2.0284704e-01   8.0315392e-01   7.9890232e-01   5.0480515e-02   7.4806418e-01   7.4545152e-01  -2.1514968e-04   6.6989414e-01   6.6122401e-01  -4.3515955e-02
   2.1106254e-01   7.9154058e-01   7.7231895e-01   3.6427453e-02   7.4017926e-01   7.3639782e-01  -7.6591804e-05   6.6751834e-01   6.6791737e-01  -5.0193631e-02
   2.1832202e-01   7.9328562e-01   7.6823624e-01   5.5665753e-02   7.3266001e-01   7.2795779e-01   7.6533239e-04   6.7095561e-01   6.6246747e-01  -5.5594737e-02
   2.2515021e-01   7.7670691e-01   7.7499171e-01   6.0561209e-02   7.2056062e-01   7.2438923e-01   8.3716232e-04   6.5924542e-01   6.2634794e-01  -4.8817707e-02
   2.3230058e-01   7.6627984e-01   7.6589532e-01   5.1846184e-02   7.1438215e-01   7.1425106e-01   2.2163257e-03   6.4719765e-01   6.2402286e-01  -3.4165859e-02
   2.3834785e-01   7.7076848e-01   7.6870622e-01   4.6391269e-02   7.1050536e-01   7.0604217e-01  -2.8693177e-04   6.0993144e-01   5.8472513e-01  -8.2646780e-02
   2.4463071e-01   7.7397574e-01   7.5694707e-01   4.9105166e-02   7.0139784e-01   7.0292858e-01   1.0561008e-04   6.2826349e-01   6.0147942e-01  -5.5928012e-02
   2.5130153e-01   7.6573640e-01   7.5955583e-01   5.2071441e-02   6.9347723e-01   6.9578752e-01   7.3882486e-04   6.0501086e-01   5.9438646e-01  -5.6091722e-02
   2.5810964e-01   7.3497442e-01   7.4919073e-01   4.9820635e-02   6.8827168e-01   6.8696630e-01   1.7191556e-03   6.1930325e-01   6.2167254e-01  -4.1776607e-02
   2.6439069e-01   7.3414368e-01   7.5128960e-01   5.3251376e-02   6.7995112e-01   6.8080673e-01  -3.3886302e-04   5.9406096e-01   5.7118763e-01  -7.0610115e-02
   2.7115989e-01   7.3750474e-01   7.3404973e-01   7.6950967e-02   6.7152907e-01   6.7580093e-01  -2.7658667e-03   5.5190612e-01   5.9495473e-01  -5.0943769e-02
   2.7839698e-01   7.2279052e-01   7.3061933e-01   2.9447026e-02   6.6736165e-01   6.6735381e-01  -1.6506056e-03   5.6419817e-01   5.8949181e-01  -4.6044723e-02
   2.8461436e-01   7.3077893e-01   7.2791522e-01   4.8382072e-02   6.6165402e-01   6.5784676e-01  -2.0496365e-03   5.7511802e-01   5.3743742e-01  -5.6616977e-02
   2.9083262e-01   7.1923440e-01   7.2245650e-01   5.2488243e-02   6.5575265e-01   6.5666925e-01  -7.6290550e-04   5.7180913e-01   5.7967966e-01  -4.9879227e-02
   2.9694789e-01   7.2765901e-01   7.1721263e-01   3.4906026e-02   6.5138899e-01   6.4365093e-01  -2.5562955e-04   5.7073064e-01   5.2733303e-01  -4.7973545e-02
   3.0351730e-01   7.1016108e-01   7.1379347e-01   4.6972833e-02   6.4053122e-01   6.3931433e-01  -6.3997155e-04   5.5701520e-01   5.2349983e-01  -5.0573019e-02
   3.0972227e-01   7.0802321e-01   7.0561690e-01   5.6906881e-02   6.3816776e-01   6.3196513e-01   1.2112085e-03   5.3302923e-01   4.9291384e-01  -4.5934987e-02
   3.1589193e-01   7.1145607e-01   6.9334434e-01   5.1108722e-02   6.2953844e-01   6.2493234e-01   3.6996559e-04   5.2765232e-01   4.8384865e-01  -4.1092126e-02
   3.2196436e-01   7.1247850e-01   7.2677484e-01   4.8621938e-02   6.2284839e-01   6.1852088e-01  -6.4461467e-04   4.5283592e-01   4.9465750e-01  -6.2023661e-02
   3.2864938e-01   6.9531120e-01   7.2677484e-01   6.3995834e-02   6.1742721e-01   6.1343121e-01  -1.1740684e-04   4.5283592e-01   4.8717447e-01  -5.2856740e-02
   3.3500281e-01   6.8756176e-01   7.0142790e-01   5.4115358e-02   6.1040841e-01   6.0815165e-01   1.1100872e-03   4.9241254e-01   5.1485277e-01  -4.4546293e-02
   3.4154760e-01   6.8810609e-01   6.7894291e-01   4.9621729e-02   6.0502937e-01   6.0390171e-01   2.5936565e-04   5.2851499e-01   4.8326103e-01  -7.0744947e-02
   3.4767827e-01   6.9029557e-01   6.7417111e-01   4.4028680e-02   5.9621640e-01   5.9970179e-01  -9.0517479e-05   4.8693910e-01   4.5245957e-01  -5.4196000e-02
   3.5393146e-01   6.6653783e-01   6.7499055e-01   5.3374229e-02   5.9026716e-01   5.9460864e-01  -2.2182179e-03   4.7961722e-01   5.0069893e-01  -6.1989016e-02
   3.6057757e-01   6.6949486e-01   6.9276449e-01   7.8840754e-02   5.8711836e-01   5.8502792e-01   9.2464774e-04   4.3932070e-01   4.5456196e-01  -6.3209720e-02
   3.6769938e-01   6.7619409e-01   6.6618618e-01   4.4796333e-02   5.8312101e-01   5.7938443e-01   5.5023084e-04   4.7464439e-01   4.4422767e-01  -3.6182746e-02
   3.7445145e-01   6.6478285e-01   6.6815007e-01   5.3832004e-02   5.6831028e-01   5.7755918e-01  -9.4258839e-04   4.6709299e-01   4.7989355e-01  -5.1868210e-02
   3.8068502e-01   6.4032019e-01   6.5012606e-01   5.2658032e-02   5.6779026e-01   5.6589438e-01   8.0199762e-04   4.7317645e-01   4.8843804e-01  -6.3796506e-02
   3.8679785e-01   6.3552887e-01   6.3076963e-01   4.1811441e-02   5.5767544e-01   5.6292285e-01  -2.0601143e-03   4.6657210e-01   4.7233173e-01  -8.1077913e-02
   3.9314354e-01   6.6269261e-01   6.5404106e-01   4.9859071e-02   5.5426207e-01   5.5677052e-01   6.4732128e-04   4.2609741e-01   4.2957627e-01  -7.0704530e-02
   3.9944387e-01   6.4893166e-01   6.4154495e-01   5.7471370e-02   5.4488946e-01   5.5046547e-01   2.4152226e-04   4.4060858e-01   4.2845843e-01  -4.0817295e-02
   4.0559876e-01   6.5405490e-01   6.4167953e-01   6.4020340e-02   5.4611266e-01   5.4628452e-01   2.3137131e-03   4.2634689e-01   4.0892784e-01  -7.3040095e-02
   4.1167819e-01   6.3391656e-01   6.1805429e-01   4.8295383e-02   5.3998976e-01   5.4022198e-01   3.5795115e-03   4.2936389e-01   4.2235084e-01  -4.6373152e-02
   4.1782214e-01   6.1889996e-01   6.2733888e-01   4.7900342e-02   5.3452600e-01   5.2989366e-01   6.3693448e-04   4.1637464e-01   4.2732905e-01  -6.0889564e-02
   4.2425782e-01   6.2495071e-01   6.3740733e-01   6.2612344e-02   5.2861959e-01   5.2794794e-01  -2.2503631e-03   3.8947977e-01   4.0574401e-01  -6.3317561e-02
   4.3056068e-01   6.2958946e-01   6.1930130e-01   4.5410366e-02   5.1817087e-01   5.2434447e-01  -9.2719307e-04   3.9744555e-01   4.0126349e-01  -6.4048532e-02
   4.3619905e-01   6.1505032e-01   6.1112752e-01   4.9302017e-02   5.2285870e-01   5.1535113e-01  -2.5350017e-03   3.9642897e-01   4.1047467e-01  -5.6586331e-02
   4.4222330e-01   6.1604465e-01   6.1986946e-01   4.5888500e-02   5.1489750e-01   5.1447966e-01   5.5725732e-04   4.0002447e-01   3.9209484e-01  -4.3576967e-02
   4.4840228e-01   6.2246996e-01   6.0129776e-01   6.0742577e-02   5.0995141e-01   5.0980196e-01   2.0217530e-03   4.1280540e-01   3.7902769e-01  -3.9636658e-02
   4.5398092e-01   5.9143855e-01   6.0775092e-01   4.3863189e-02   5.0335938e-01   5.0268961e-01   6.4023657e-04   3.9106703e-01   3.9742684e-01  -4.8621523e-02
   4.6035430e-01   6.0241947e-01   5.9767066e-01   6.4420957e-02   4.9884367e-01   4.9699432e-01   1.7314671e-03   3.8432081e-01   3.8437853e-01  -4.2814300e-02
   4.6632272e-01   6.0737363e-01   5.9105087e-01   5.0156723e-02   4.8829187e-01   4.9649015e-01   1.7810467e-03   3.7984038e-01   3.6655115e-01  -3.0613346e-02
   4.7258622e-01   6.0895997e-01   6.0083951e-01   6.3661168e-02   4.8739790e-01   4.8279843e-01   2.1940422e-04   3.6176368e-01   3.5689081e-01  -5.7523220e-02
   4.7866602e-01   5.7323901e-01   5.7913281e-01   4.3162388e-02   4.8073465e-01   4.7931292e-01  -1.7102830e-03   3.8064333e-01   3.7545591e-01  -7.2794452e-02
   4.8507964e-01   5.7334796e-01   5.8485877e-01   5.0829066e-02   4.7518198e-01   4.8220514e-01  -5.0327283e-04   3.6165118e-01   3.7021898e-01  -5.0385748e-02
   4.9132239e-01   5.6760564e-01   5.7577996e-01   3.2412537e-02   4.7532687e-01   4.7313198e-01  -3.1092689e-03   3.6833849e-01   3.6040469e-01  -4.7871932e-02
   4.9720559e-01   5.5988737e-01   5.7971083e-01   3.9656804e-02   4.6945015e-01   4.6636714e-01   3.9726064e-04   3.5444025e-01   3.7168449e-01  -4.6001016e-02
   5.0329392e-01   5.6570745e-01   5.5098190e-01   4.1749184e-02   4.6345793e-01   4.6038390e-01  -1.6829120e-03   3.7248832e-01   3.5703757e-01  -6.8981389e-02
   5.0855815e-01   5.6000354e-01   5.5463462e-01   6.5170771e-02   4.6223593e-01   4.5826379e-01  -1.3107404e-03   3.5900560e-01   3.5775731e-01  -5.0267355e-02
   5.1451101e-01   5.5551555e-01   5.6395323e-01   4.7145495e-02   4.5343316e-01   4.5413320e-01   5.3153393e-05   3.4647790e-01   3.5753923e-01  -5.0351359e-02
   5.2096705e-01   5.6594088e-01   5.6288368e-01   3.7755242e-02   4.4646114e-01   4.5081525e-01  -1.4296068e-03   3.4655024e-01   3.3530582e-01  -4.6510899e-02
   5.2704197e-01   5.4234843e-01   5.5189505e-01   5.0340207e-02   4.3967789e-01   4.4608336e-01   9.7146440e-04   3.3841225e-01   3.5597280e-01  -3.9701647e-02
   5.3286672e-01   5.4899545e-01   5.5790342e-01   8.0953540e-02   4.3321081e-01   4.4635951e-01   2.5095180e-03   3.3060835e-01   3.4033116e-01  -7.2563332e-02
   5.3880410e-01   5.3567169e-01   5.3229481e-01   4.8563748e-02   4.3712040e-01   4.3380597e-01  -5.1128729e-04   3.5255160e-01   3.4084650e-01  -3.4762910e-02
   5.4457852e-01   5.3106913e-01   5.3381304e-01   5.8733833e-02   4.2956656e-01   4.3011275e-01  -2.2786284e-03   3.3781491e-01   3.3483803e-01  -3.3592641e-02
   5.5097844e-01   5.2960310e-01   5.3587747e-01   4.1335545e-02   4.2750061e-01   4.2558043e-01   9.4059494e-04   3.3169315e-01   3.3370740e-01  -6.0001532e-02
   5.5698030e-01   5.2273258e-01   5.1682778e-01   3.7133098e-02   4.1951217e-01   4.2567072e-01  -1.0733859e-03   3.3510888e-01   3.3603869e-01  -3.9748805e-02
   5.6267136e-01   5.3768033e-01   5.2547094e-01   4.1955328e-02   4.1426992e-01   4.2265425e-01  -4.3285072e-04   3.2651139e-01   3.1838338e-01  -4.0083856e-02
   5.6807359e-01   5.2133564e-01   5.1844547e-01   5.1029358e-02   4.1275605e-01   4.1637814e-01  -6.0956197e-04   3.2095564e-01   3.2346758e-01  -3.7621007e-02
   5.7415737e-01   5.2215918e-01   5.0291717e-01   4.6863638e-02   4.1242138e-01   4.0989384e-01  -7.5259433e-05   3.3453157e-01   3.1152873e-01  -3.9315169e-02
   5.8001879e-01   4.9254626e-01   5.0499195e-01   4.5305304e-02   4.0909910e-01   4.0392502e-01   1.5658808e-03   3.1891640e-01   3.3069610e-01  -3.4693700e-02
   5.8611089e-01   5.0983551e-01   5.0586290e-01   4.0245806e-02   4.0092349e-01   4.0124667e-01  -5.8259316e-04   3.1212009e-01   3.1491539e-01  -3.3374498e-02
   5.9239329e-01   5.0208386e-01   4.9912852e-01   3.2669927e-02   3.9960478e-01   4.0010338e-01  -7.2177217e-05   3.1692763e-01   3.1234989e-01  -8.8386216e-02
   5.9892219e-01   4.8940680e-01   5.0284366e-01   3.5689809e-02   3.9020646e-01   3.9771171e-01   1.1342413e-03   3.0639769e-01   3.0920428e-01  -2.8399763e-02
   6.0498125e-01   4.8377358e-01   4.7844950e-01   3.8273448e-02   3.8690603e-01   3.9179822e-01   8.7683621e-04   3.1494997e-01   3.1112102e-01  -4.3016780e-02
   6.1131755e-01   4.8685627e-01   4.8318416e-01   3.3026405e-02   3.8549986e-01   3.8724638e-01  -4.4165465e-04   3.0612959e-01   3.0548615e-01  -4.1859508e-02
   6.1690364e-01   4.8647056e-01   4.5926713e-01   5.9924686e-02   3.8382663e-01   3.7777598e-01   4.6327106e-04   3.1710279e-01   2.9897595e-01  -3.9808345e-02
   6.2271482e-01   4.8241542e-01   4.6278381e-01   3.3210986e-02   3.8128565e-01   3.7421273e-01   9.9876533e-04   3.0526263e-01   2.9726276e-01  -4.0483354e-02
   6.2825422e-01   4.5934450e-01   4.8079397e-01   4.8522670e-02   3.7107279e-01   3.7994887e-01   7.1983330e-04   2.9278951e-01   3.0690665e-01  -4.4766401e-02
   6.3426002e-01   4.6586622e-01   4.7332937e-01   2.8677297e-02   3.6802282e-01   3.6987530e-01  -4.3675751e-04   2.9167033e-01   2.9817273e-01  -5.9553918e-02
   6.4001258e-01   4.5816756e-01   4.5896272e-01   3.1770563e-02   3.6556659e-01   3.6402683e-01   3.1549095e-04   2.9668633e-01   2.9449947e-01  -3.6685200e-02
   6.4658858e-01   4.4998593e-01   4.5894243e-01   4.1371958e-02   3.5876377e-01   3.6762786e-01  -7.7359211e-04   2.9037360e-01   2.9701577e-01  -4.2280461e-02
   6.5289872e-01   4.5503301e-01   4.4960330e-01   6.1738506e-02   3.5872907e-01   3.6106746e-01   6.7131670e-04   2.9469268e-01   2.8983630e-01  -2.8958273e-02
   6.5893373e-01   4.3988092e-01   4.4628895e-01   4.1741161e-02   3.5307430e-01   3.5334085e-01   6.1625054e-04   2.8977319e-01   2.9491973e-01  -4.5039389e-02
   6.6464872e-01   4.5219803e-01   4.3691520e-01   5.3448097e-02   3.5118060e-01   3.5027749e-01   1.2014316e-03   2.8759340e-01   2.8157512e-01  -3.1329553e-02
   6.7066805e-01   4.3836811e-01   4.3899716e-01   5.2980360e-02   3.4895759e-01   3.4329719e-01  -3.1079323e-04   2.8678770e-01   2.8590454e-01  -2.9930693e-02
   6.7625642e-01   4.1955197e-01   4.2705246e-01   3.2968823e-02   3.4137714e-01   3.4537558e-01  -6.5258607e-04   2.8830783e-01   2.9298508e-01  -2.4348683e-02
   6.8170277e-01   4.3618244e-01   4.3429294e-01   4.5765110e-02   3.3749606e-01   3.4480126e-01  -4.1343396e-04   2.7840817e-01   2.7708173e-01  -3.3587260e-02
   6.8792901e-01   4.2438576e-01   4.3003354e-01   3.0665688e-02   3.3703079e-01   3.3736808e-01  -6.3516434e-04   2.7738240e-01   2.7715251e-01  -2.3513069e-02
   6.9450923e-01   4.1923848e-01   4.1313053e-01   3.4524556e-02   3.3387760e-01   3.3301320e-01   6.9101914e-04   2.7895251e-01   2.7407370e-01  -2.2264941e-02
   7.0024648e-01   4.2442389e-01   4.1390441e-01   4.1217988e-02   3.3230458e-01   3.2727298e-01  -1.3628405e-04   2.7570891e-01   2.6930567e-01  -2.7776089e-02
   7.0607293e-01   4.0018888e-01   4.0907692e-01   4.9747162e-02   3.2505093e-01   3.2786117e-01  -4.8554740e-05   2.6958130e-01   2.7869386e-01  -2.7106082e-02
   7.1209872e-01   4.1100891e-01   4.0120887e-01   4.8122718e-02   3.2190301e-01   3.2351505e-01   1.9241170e-03   2.7188707e-01   2.6977589e-01  -2.7781376e-02
   7.1738013e-01   4.0594159e-01   4.0574825e-01   2.5658341e-02   3.1940942e-01   3.1958177e-01   1.2039243e-03   2.6673254e-01   2.7084625e-01  -2.0899954e-02
   7.2279002e-01   3.9289294e-01   4.0521899e-01   3.5723641e-02   3.1700743e-01   3.1509148e-01   1.0309128e-03   2.6724558e-01   2.7127831e-01  -4.0875035e-02
   7.2865795e-01   3.9380682e-01   3.9831151e-01   3.8743037e-02   3.1551958e-01   3.1215093e-01   8.1376751e-04   2.6308883e-01   2.6266783e-01  -4.4502579e-02
   7.3498493e-01   3.8399943e-01   3.9350371e-01   2.3591517e-02   3.0593229e-01   3.1304562e-01   4.0762495e-04   2.6076066e-01   2.6988192e-01  -2.1311991e-02
   7.4126283e-01   3.9581027e-01   3.8387562e-01   2.9338115e-02   3.0780891e-01   3.0383612e-01  -2.0527133e-04   2.6198120e-01   2.5533997e-01  -2.5000923e-02
   7.4729810e-01   3.8820931e-01   3.7581238e-01   1.8731704e-02   3.0391106e-01   3.0230126e-01  -1.4933883e-04   2.6234653e-01   2.5608934e-01  -2.2012485e-02
   7.5248800e-01   3.8740359e-01   3.7017374e-01   2.2256216e-02   2.9962175e-01   3.0187753e-01   1.0230055e-03   2.5864660e-01   2.5537989e-01  -2.4716130e-02
   7.5805724e-01   3.6442521e-01   3.7513710e-01   2.7787934e-02   2.9850334e-01   2.9754320e-01   1.5086326e-04   2.5263910e-01   2.6138345e-01  -4.9576779e-02
   7.6364085e-01   3.6694408e-01   3.5584110e-01   1.9370882e-02   2.9517722e-01   2.9344206e-01  -4.6245647e-04   2.5824207e-01   2.5500724e-01  -2.4123299e-02
   7.6882430e-01   3.7430645e-01   3.5050222e-01   2.3063185e-02   2.9163162e-01   2.9205221e-01  -9.1816746e-04   2.5747074e-01   2.5012511e-01  -1.7012259e-02
   7.7474164e-01   3.5780353e-01   3.6481100e-01   2.0091435e-02   2.8673961e-01   2.9209902e-01  -3.7862572e-04   2.4911597e-01   2.5248403e-01  -2.2043866e-02
   7.8105476e-01   3.3658679e-01   3.4093109e-01   3.1617231e-02   2.8535939e-01   2.8490551e-01   1.0438163e-03   2.5573222e-01   2.5206031e-01  -2.9595809e-02
   7.8752330e-01   3.3388906e-01   3.4323675e-01   2.1350578e-02   2.8294440e-01   2.8298210e-01   6.5130492e-04   2.5103710e-01   2.5588865e-01  -2.4181126e-02
   7.9455886e-01   3.4151362e-01   3.3439830e-01   3.0705549e-02   2.7758254e-01   2.8205902e-01   5.7615640e-04   2.4797371e-01   2.4720789e-01  -2.5005336e-02
   8.0206275e-01   3.1749553e-01   3.1632478e-01   2.0418340e-02   2.7572485e-01   2.7547575e-01   7.3603137e-05   2.4691512e-01   2.4944725e-01  -2.7527394e-02
   8.1220029e-01   3.1184946e-01   3.2808958e-01   4.1109463e-02   2.6984938e-01   2.7325432e-01   4.2453187e-04   2.4180482e-01   2.4970214e-01  -1.6580801e-02
   8.2556478e-01   3.2323013e-01   2.9976557e-01   1.9193926e-02   2.6547711e-01   2.6519070e-01   1.9472231e-05   2.4372063e-01   2.3294749e-01  -2.1500510e-02
