440
53
75
104
363
265
749
678
760
64
429
750
480
863
429
586
758
595
567
630
59
734
703
966
383
65
392
902
443
505
114
737
421
541
251
174
324
238
619
848
829
215
284
757
925
488
97
722
392
902
118
541
57
149
505
411
626
840
480
435
263
936
203
554
326
548
611
976
369
656
603
259
888
281
774
658
288
879
386
397
817
220
91
804
759
172
642
229
174
910
7
778
36
426
517
426
881
779
862
518
362
815
238
727
287
4
932
246
921
781
22
388
896
149
37
651
124
420
457
884
899
528
6
331
754
190
671
928
87
265
401
560
822
186
908
363
347
848
253
527
992
114
511
533
463
83
972
66
698
684
71
673
568
673
899
406
67
781
593
470
376
527
326
6
87
577
235
113
356
70
393
958
788
365
437
41
620
971
536
945
911
861
682
722
758
878
576
372
437
462
524
291
988
644
892
48
147
509
693
288
873
950
705
980
255
270
694
721
672
719
834
168
316
791
36
993
13
170
85
739
449
602
478
231
362
185
515
22
115
374
65
496
964
559
164
943
919
366
956
907
731
327
665
599
281
649
653
44
613
131