#      h         mean e c         mean e r      mean e mix    max e c         max e r      max e mix      m     
    3.0000	    0.0323	    0.0270	    0.0296	    0.1279	    0.1284	    0.1190	   32.0000
    4.0000	    0.0270	    0.0232	    0.0254	    0.0753	    0.0959	    0.0945	   28.0000
    5.0000	    0.0257	    0.0231	    0.0247	    0.0809	    0.0950	    0.0971	   15.0000
    6.0000	    0.0263	    0.0220	    0.0244	    0.0780	    0.0833	    0.0987	   34.0000
    7.0000	    0.0260	    0.0208	    0.0236	    0.0644	    0.0897	    0.1025	   33.0000
    8.0000	    0.0255	    0.0194	    0.0227	    0.0627	    0.0719	    0.0856	   20.0000
    9.0000	    0.0242	    0.0178	    0.0212	    0.0645	    0.0698	    0.0709	    1.0000
   10.0000	    0.0252	    0.0181	    0.0217	    0.0847	    0.0751	    0.0755	    8.0000
   11.0000	    0.0255	    0.0177	    0.0217	    0.0944	    0.0810	    0.0921	   11.0000
   12.0000	    0.0236	    0.0159	    0.0199	    0.0639	    0.0811	    0.0612	   32.0000
   13.0000	    0.0229	    0.0147	    0.0190	    0.0678	    0.0611	    0.0638	   12.0000
   14.0000	    0.0247	    0.0142	    0.0196	    0.0743	    0.0973	    0.0941	   12.0000
   15.0000	    0.0223	    0.0140	    0.0184	    0.0836	    0.0554	    0.0738	   27.0000
   16.0000	    0.0225	    0.0131	    0.0180	    0.0669	    0.0592	    0.0643	   33.0000
   17.0000	    0.0231	    0.0132	    0.0184	    0.0679	    0.0639	    0.0662	   32.0000
   18.0000	    0.0207	    0.0138	    0.0175	    0.0740	    0.0623	    0.0711	   19.0000
   19.0000	    0.0229	    0.0130	    0.0181	    0.0601	    0.0566	    0.0595	   34.0000
   20.0000	    0.0215	    0.0143	    0.0182	    0.0656	    0.0790	    0.0676	   14.0000
   21.0000	    0.0245	    0.0125	    0.0187	    0.1069	    0.0531	    0.0837	   14.0000
   22.0000	    0.0209	    0.0130	    0.0173	    0.0702	    0.0629	    0.0679	   28.0000
   23.0000	    0.0230	    0.0121	    0.0177	    0.0608	    0.0567	    0.0646	    3.0000
   24.0000	    0.0220	    0.0119	    0.0172	    0.0849	    0.0855	    0.0794	   34.0000
   25.0000	    0.0212	    0.0119	    0.0167	    0.0788	    0.0629	    0.0922	   19.0000
   26.0000	    0.0218	    0.0128	    0.0173	    0.0751	    0.0650	    0.0793	    7.0000
   27.0000	    0.0192	    0.0130	    0.0161	    0.0552	    0.0833	    0.0629	   13.0000
   28.0000	    0.0186	    0.0128	    0.0157	    0.0627	    0.0724	    0.0734	    8.0000
   29.0000	    0.0214	    0.0118	    0.0167	    0.0834	    0.0777	    0.0809	    3.0000
   30.0000	    0.0193	    0.0113	    0.0155	    0.0870	    0.0681	    0.0620	    3.0000
