#      h         mean e c         mean e r      mean e mix    max e c         max e r      max e mix      m     
    3.0000	    0.0229	    0.0275	    0.0252	    0.1204	    0.1276	    0.1065	   22.0000
    4.0000	    0.0176	    0.0241	    0.0211	    0.0790	    0.0976	    0.0946	   24.0000
    5.0000	    0.0163	    0.0242	    0.0206	    0.0798	    0.1033	    0.0939	   31.0000
    6.0000	    0.0162	    0.0227	    0.0196	    0.0702	    0.0905	    0.0963	   17.0000
    7.0000	    0.0164	    0.0222	    0.0196	    0.0945	    0.0909	    0.1033	   23.0000
    8.0000	    0.0152	    0.0206	    0.0180	    0.0755	    0.0924	    0.1012	    4.0000
    9.0000	    0.0155	    0.0202	    0.0180	    0.0692	    0.0882	    0.0851	   20.0000
   10.0000	    0.0138	    0.0186	    0.0163	    0.0698	    0.0719	    0.0743	   23.0000
   11.0000	    0.0135	    0.0190	    0.0164	    0.1055	    0.0856	    0.0796	    8.0000
   12.0000	    0.0128	    0.0170	    0.0150	    0.0757	    0.0837	    0.0829	   27.0000
   13.0000	    0.0131	    0.0162	    0.0148	    0.0754	    0.0847	    0.0795	    2.0000
   14.0000	    0.0126	    0.0150	    0.0140	    0.0701	    0.0825	    0.0934	    4.0000
   15.0000	    0.0131	    0.0150	    0.0141	    0.0716	    0.0736	    0.0839	    5.0000
   16.0000	    0.0133	    0.0153	    0.0145	    0.0696	    0.0684	    0.0914	   30.0000
   17.0000	    0.0132	    0.0152	    0.0143	    0.0703	    0.0721	    0.0780	    3.0000
   18.0000	    0.0132	    0.0147	    0.0142	    0.0734	    0.0717	    0.0816	    7.0000
   19.0000	    0.0137	    0.0145	    0.0143	    0.0734	    0.0925	    0.0811	    6.0000
   20.0000	    0.0127	    0.0141	    0.0136	    0.0720	    0.0687	    0.0898	   10.0000
   21.0000	    0.0120	    0.0135	    0.0130	    0.0768	    0.0802	    0.0774	   27.0000
   22.0000	    0.0119	    0.0135	    0.0129	    0.0767	    0.0779	    0.0740	   12.0000
   23.0000	    0.0130	    0.0135	    0.0134	    0.0815	    0.0835	    0.0770	   11.0000
   24.0000	    0.0134	    0.0155	    0.0144	    0.0717	    0.0931	    0.0995	    6.0000
   25.0000	    0.0126	    0.0127	    0.0128	    0.0736	    0.0791	    0.0769	   20.0000
   26.0000	    0.0118	    0.0126	    0.0123	    0.0716	    0.0752	    0.0722	   29.0000
   27.0000	    0.0125	    0.0137	    0.0132	    0.0697	    0.1000	    0.0971	    5.0000
   28.0000	    0.0126	    0.0129	    0.0128	    0.0785	    0.0730	    0.0816	   28.0000
   29.0000	    0.0134	    0.0146	    0.0140	    0.0994	    0.1161	    0.0977	   22.0000
   30.0000	    0.0123	    0.0132	    0.0128	    0.0769	    0.0726	    0.0772	   25.0000
