#      h         mean e c         mean e r      mean e mix    max e c         max e r      max e mix      m     
    3.0000	    0.0210	    0.0369	    0.0292	    0.1237	    0.1333	    0.1231	   10.0000
    4.0000	    0.0156	    0.0345	    0.0252	    0.0785	    0.1055	    0.1164	    2.0000
    5.0000	    0.0153	    0.0299	    0.0229	    0.1065	    0.1126	    0.0999	    2.0000
    6.0000	    0.0147	    0.0291	    0.0221	    0.0825	    0.0991	    0.1015	   33.0000
    7.0000	    0.0144	    0.0305	    0.0226	    0.0794	    0.0987	    0.1031	   27.0000
    8.0000	    0.0137	    0.0286	    0.0214	    0.0776	    0.1002	    0.1112	    9.0000
    9.0000	    0.0133	    0.0283	    0.0210	    0.0971	    0.0960	    0.0929	   33.0000
   10.0000	    0.0127	    0.0263	    0.0197	    0.1032	    0.1229	    0.1228	   32.0000
   11.0000	    0.0122	    0.0292	    0.0210	    0.0705	    0.1017	    0.0981	   24.0000
   12.0000	    0.0122	    0.0262	    0.0196	    0.0752	    0.0825	    0.0879	   35.0000
   13.0000	    0.0116	    0.0239	    0.0180	    0.0735	    0.0973	    0.0865	   22.0000
   14.0000	    0.0115	    0.0264	    0.0192	    0.1033	    0.1381	    0.1403	   42.0000
   15.0000	    0.0119	    0.0270	    0.0196	    0.0813	    0.0960	    0.1025	   17.0000
   16.0000	    0.0121	    0.0234	    0.0180	    0.0725	    0.0901	    0.0940	   23.0000
   17.0000	    0.0114	    0.0222	    0.0171	    0.0725	    0.0977	    0.1021	    7.0000
   18.0000	    0.0118	    0.0193	    0.0159	    0.0752	    0.0849	    0.0880	   29.0000
   19.0000	    0.0113	    0.0207	    0.0164	    0.0843	    0.1041	    0.1349	    5.0000
   20.0000	    0.0121	    0.0234	    0.0180	    0.0806	    0.1176	    0.1034	   26.0000
   21.0000	    0.0124	    0.0228	    0.0178	    0.1076	    0.1510	    0.1305	   34.0000
   22.0000	    0.0114	    0.0224	    0.0172	    0.0812	    0.1133	    0.1022	    5.0000
   23.0000	    0.0111	    0.0196	    0.0156	    0.0713	    0.0928	    0.0931	   34.0000
   24.0000	    0.0134	    0.0210	    0.0171	    0.1201	    0.1170	    0.1197	   15.0000
   25.0000	    0.0114	    0.0266	    0.0192	    0.0781	    0.1518	    0.1106	   24.0000
   26.0000	    0.0127	    0.0266	    0.0198	    0.0905	    0.1789	    0.1570	   37.0000
   27.0000	    0.0118	    0.0194	    0.0156	    0.0739	    0.0851	    0.1226	   16.0000
   28.0000	    0.0109	    0.0196	    0.0154	    0.0683	    0.0840	    0.0937	   29.0000
   29.0000	    0.0122	    0.0201	    0.0162	    0.1071	    0.1106	    0.1229	   21.0000
   30.0000	    0.0110	    0.0187	    0.0151	    0.0772	    0.0799	    0.0810	   30.0000
