1	0.0546594669633529	0.0325783013654036	0.0436396739801355	0.194035236949426	0.166562992733115	0.187939199429409
2	0.0355656535559576	0.0281298690720706	0.0317739665127612	0.132384281211068	0.122255703138587	0.111776458055541
3	0.0305375570919085	0.0268313221008758	0.0288079409274517	0.133053181856176	0.125653540089779	0.114496784970344
4	0.0262626656588885	0.0230556593309049	0.024951643681842	0.0710649641677447	0.0949205401776313	0.0956749245482992
5	0.0258945960039547	0.0229162797798358	0.0247171734553159	0.0736741682880008	0.0952986113744297	0.0963145233624683
6	0.0251450174992317	0.0217109937248289	0.023758478810613	0.060910246293023	0.0887261839896834	0.0977219499420303
7	0.0246460811048568	0.0205899989959465	0.0228097002701174	0.0610059612375906	0.0818504485656101	0.0987485352147164
8	0.0242577307915379	0.0193152964836328	0.0219600096726643	0.0595419198162916	0.0772974120382552	0.08247171779153
9	0.0231321706415506	0.0175037200911977	0.0205455738096068	0.0577944663308611	0.0718669842036613	0.0714115934804379
10	0.0229269029258505	0.0172382907199693	0.0202862560354148	0.0578565121509914	0.0797282408704316	0.0658306460612792
11	0.02308064902182	0.0172468442104879	0.0203420684668965	0.0576310084217157	0.0781660325720379	0.0663135222694557
12	0.0228418845508675	0.0156192473166246	0.0194019930480724	0.0579583624332318	0.0805212079007269	0.0607138776646714
13	0.0226857166419716	0.0143093294170991	0.0187490093807896	0.0579722094791744	0.056977523958079	0.0589756076977794
14	0.0221939703699007	0.0133366499011037	0.01800786999549	0.0583003206834118	0.0563855139942945	0.0583226312116766
15	0.0221693242579428	0.0132477320959264	0.0179557840579638	0.0581208703498632	0.0562833423202253	0.0589878666886619
16	0.0220347524265676	0.0128982994616182	0.0177007689508067	0.0580491049253439	0.0560178355056198	0.0578247171802989
17	0.021989767211791	0.0126484622603973	0.0175619663391274	0.0580350673527763	0.0560661195962178	0.0585022873855796
18	0.0219400348764525	0.0125923110941747	0.0175011435750121	0.0586002014686424	0.0557555179111257	0.059744132363723
19	0.0219300402677195	0.0125655984160553	0.0174874403381696	0.0584567095745839	0.0557960440082907	0.0598710605822163
20	0.021823479574298	0.0120398786428137	0.0171577572680974	0.0588921779704119	0.0553885514396281	0.058316849402658
21	0.0217716660312589	0.0119905984549577	0.0171014699903615	0.0589446930649687	0.0548736519247332	0.0581410695260145
22	0.0216308329041614	0.0118581745763822	0.0169669146709766	0.059110154499092	0.0555282513976229	0.0581784489389085
23	0.0216673201394104	0.0118288930946552	0.0169773540283301	0.0590466268167674	0.055298596568028	0.0584829975855864
24	0.0214439385333661	0.0112935042115446	0.0165754505814544	0.059135192355602	0.0552491595885136	0.0578893696170818
25	0.0214441525155872	0.0112787971794026	0.0165663979650688	0.0590970095932117	0.0553251013960802	0.0578643148643225
26	0.0214357939231342	0.0112597525453925	0.0165498632970096	0.059071373195244	0.0559090900485009	0.0578104873940805
27	0.0213243465563764	0.0110500883777101	0.0163932181318382	0.0590195809127292	0.0558538251763109	0.0583174237422702
28	0.0213515589033296	0.0107432628383054	0.016254216842814	0.0590156400024775	0.0555190411804318	0.0587538053703989
29	0.0213319304095162	0.010739898753493	0.0162399428258462	0.0590486886903742	0.0554814781948531	0.0589792996800236
30	0.0212695186883872	0.0105500991756129	0.0161267792976526	0.0590959941727941	0.0554235751122915	0.059447247922894
