1	0.050466117085371	0.0427091650793578	0.0466528246605269	0.195847120292653	0.176000817639272	0.192626510689406
2	0.0218021913872016	0.0376800037763088	0.0298950320249008	0.1255248304424	0.141327667583443	0.132245130488989
3	0.02165066276145	0.0387065934779377	0.0303529080610991	0.123804337391021	0.141341097074871	0.136431893584323
4	0.0158509476386545	0.0353005701259305	0.0259005491080747	0.0755257201283871	0.102881626719117	0.100362341107435
5	0.0157770053368497	0.0297611335906456	0.0230896557615873	0.0808694369313634	0.113912455963998	0.0949103901565236
6	0.0151812941190374	0.0303524432421371	0.0230428104866234	0.0742267507782015	0.0893915374031084	0.0998704794477439
7	0.0146079173889974	0.0293942439235948	0.0222787997158587	0.0725015369104316	0.0930205734358443	0.104758065661078
8	0.0141156589361749	0.0281411589062385	0.0214123159817671	0.0725137384129489	0.097082964157673	0.0966159494042746
9	0.0134354697603766	0.0265197171996747	0.0201751039887092	0.0710337581560234	0.0854170923593624	0.0917211475786428
10	0.0123219606245219	0.0250134595392567	0.0188303877204504	0.0709484242520653	0.0858112024037443	0.0826373713050393
11	0.0123145126628011	0.0248880892160213	0.0187655649603068	0.0707467645994584	0.0857836574916011	0.0829716505083381
12	0.0121831629303975	0.0228650254627678	0.0177292077115463	0.0700205516060791	0.0839502488041668	0.0902468518183814
13	0.012134242476919	0.0226332419770451	0.0175872515148462	0.0704138646726512	0.0846367869239879	0.0879387798960038
14	0.0119731729315203	0.0222507492207601	0.0173235242535714	0.0706982022654352	0.0768888293397175	0.0869954733104759
15	0.0118410605208657	0.0219032971466663	0.0170816962835066	0.070507341187026	0.0766999553993895	0.0892926892643032
16	0.011803830102421	0.0218205703862597	0.0170201226191921	0.0707458168195162	0.0770170475712998	0.0889930549064195
17	0.0115058298955811	0.0210013362294054	0.0164995266472404	0.0708623155914266	0.0771941550858342	0.0892443051553177
18	0.0112131597026026	0.0206258388641891	0.0161577141421217	0.0713144708813795	0.0776263944511442	0.0899618643181948
19	0.0110974365949336	0.0198361809263631	0.0156996893187376	0.0698183263626618	0.0796061180912653	0.0895815766841034
20	0.0110906370151304	0.019800705431663	0.015676477803337	0.0697621783771376	0.0798245316087916	0.0892218255773583
21	0.0110007390015724	0.0194952034204679	0.015479141328285	0.0701219463809813	0.0796998536915126	0.0894117177676596
22	0.0108877200955632	0.0190494221342336	0.0152153228723757	0.0705264744616216	0.0805216538926268	0.090611371022959
23	0.0108067369860472	0.0187664114243586	0.0150129173194916	0.0699936963151204	0.0815582108499308	0.0888645527987837
24	0.0107867557291948	0.0187467098702902	0.0149769681293424	0.0701007579870559	0.08166913215319	0.0892643455177997
25	0.0107735839348825	0.0186259393807243	0.0149105494135444	0.0699700789145538	0.080185923647177	0.0896264841492353
26	0.0108920251225682	0.019314896647563	0.0153596435358971	0.0718403884085403	0.0787534132015516	0.0916885173509724
27	0.0108370934343261	0.0191837771608471	0.015258883617167	0.072092784120415	0.0783397662364588	0.0917436403884234
28	0.0108443405336127	0.0192206531241997	0.0152834045977639	0.0724327671721391	0.0767195934496514	0.0924696948231302
29	0.0106011128599129	0.0181805708513395	0.0146113910569017	0.071109727541829	0.0772029522241447	0.0921255100200124
30	0.0104330640291659	0.0178102594263281	0.0143461215668356	0.0698825169444021	0.0756736606783725	0.0877672214389929
