1	0.051000026108508	0.0336079253844809	0.0422763298337517	0.195690310820105	0.176197486789461	0.19356969622279
2	0.0287150424891724	0.0312907126545206	0.02998534092301	0.127328111157792	0.126666777941947	0.122505789994598
3	0.023052487319078	0.0278916384771376	0.0254773168654269	0.120695795860219	0.125322563544317	0.112370080024177
4	0.0176019774773389	0.0243500440823269	0.0212476787310389	0.0788767097708008	0.0998417361456787	0.0918599678179521
5	0.0163154336099259	0.0241879992315759	0.0205185560748985	0.0786519008584922	0.107557606854665	0.0903974797059932
6	0.0154522203928931	0.02270927637839	0.0193224844046505	0.0739912087351487	0.0925886913606428	0.0905979464467398
7	0.0152292012217001	0.0226028123421034	0.0191514474103396	0.0738771407053188	0.0946546022110382	0.0932541120506531
8	0.014356728532903	0.0207687994023777	0.0176734384652938	0.0743437097478041	0.0830512392478188	0.094785989556678
9	0.0139798136324568	0.0200162387064668	0.0171266123172203	0.0731244260432612	0.0819652821643097	0.0792622244821899
10	0.0131283474022276	0.0184890813233761	0.0159990684440974	0.0736356822459678	0.0776013626571392	0.079999715373371
11	0.0130417133823899	0.0183957633563391	0.015892404637352	0.0732881226482003	0.0778581212614037	0.0819176530554366
12	0.0127296145556324	0.0171598925530007	0.0151254351718528	0.0737733470917549	0.0780493420294847	0.0876854142056556
13	0.0123101381987098	0.0160137410941768	0.0143675580906874	0.0734065780211963	0.0776218103553719	0.0875368570910551
14	0.0119864751813644	0.0154099013755038	0.0139325639669751	0.0730073545520219	0.0776531451911436	0.0856994163290802
15	0.0119541387911941	0.0153294592529393	0.0138906269991198	0.0730631253333958	0.0772962226413777	0.0856762040689786
16	0.0119510929966148	0.0153225948692773	0.0138867399088923	0.0730702859834852	0.0773131215448859	0.0856810670089873
17	0.0118932628229427	0.0152228451342678	0.0138037703689837	0.0740576810715235	0.0774078715480777	0.0844726388713319
18	0.0118355528161656	0.0149555016833548	0.0136436649119801	0.0743310668068347	0.0774270315685041	0.0833346046604278
19	0.0117441450755023	0.0147314512759875	0.0134723933406155	0.0736614371398194	0.0770828961708903	0.0846777760012631
20	0.0116086166332162	0.0141885944321876	0.0131300394474149	0.0735166705511994	0.076583585296133	0.0854096349414313
21	0.0116083522176752	0.014150579908722	0.0131111082824327	0.0734271601686918	0.0771072388794606	0.0850680010344036
22	0.0115612092479458	0.0140177888276304	0.0129995888267126	0.0733785645926785	0.0769185568238997	0.0848103444769617
23	0.0115263002788448	0.0140234157819958	0.012981358827444	0.0733057073301553	0.0772601881233308	0.0847913712834578
24	0.0112493176543568	0.0135645618016434	0.012571096275733	0.072990336684851	0.0776315051857251	0.0857556837300047
25	0.0112365502478086	0.0134787070567239	0.0125294991771793	0.0730444896917229	0.0770192541123482	0.0857153204413674
26	0.0111852740630197	0.0133220857269388	0.0124049736124421	0.0730815432465075	0.0775054051684524	0.0864308023819149
27	0.0111706067351519	0.0132512847653267	0.0123548969734625	0.0731549094447216	0.0763225310373358	0.0857508008495165
28	0.0111364842745255	0.0131852641033044	0.0122972890372352	0.0738824188536324	0.0764037819540346	0.0862202539491173
29	0.0111215670187021	0.0131707115220919	0.0122881739562716	0.0739078395535988	0.0765076756104931	0.0864590320684359
30	0.0111213151524428	0.0131592031915782	0.0122894984775688	0.0738767838775606	0.0762067073498401	0.0864892735065905
